0
1
2
4
5
6
7
9
10
11
12
13
14
15
16
17
18
20
21
22
24
28
29
30
32
33
34
37
38
40
42
43
44
45
46
48
49
50
51
52
56
57
58
59
60
61
62
63
65
67
68
69
70
71
72
74
75
76
78
79
80
81
82
85
86
87
89
91
93
94
95
96
97
98
100
101
102
103
104
105
107
110
112
113
115
116
117
119
121
122
123
124
125
128
129
130
132
134
135
136
138
140
141
142
145
146
147
148
149
150
152
153
156
157
159
160
161
164
165
166
167
168
170
171
172
173
176
177
178
179
180
181
183
184
185
186
187
188
190
191
192
193
194
196
197
198
199
200
201
203
204
205
206
207
208
209
210
212
213
215
216
218
219
220
221
222
223
224
225
227
228
229
230
231
233
234
235
237
238
239
240
241
242
243
244
246
248
249
250
251
253
254
256
257
258
260
261
263
264
265
266
267
269
270
274
275
277
278
279
280
281
282
283
284
285
286
288
289
290
291
293
294
295
296
297
301
302
304
305
306
307
308
310
311
312
313
314
315
317
318
319
320
321
322
324
325
326
327
330
331
334
335
336
337
338
339
340
342
343
344
345
346
347
348
349
350
351
352
353
355
356
357
358
359
362
363
364
365
366
367
368
369
370
372
374
376
377
378
379
380
383
384
386
387
388
389
390
391
393
397
398
399
400
401
402
403
404
405
407
408
410
411
412
413
414
415
416
417
419
420
421
422
423
425
426
428
429
430
431
432
433
434
436
437
438
439
441
443
444
445
446
447
448
450
451
452
453
454
455
456
459
463
464
465
466
468
469
470
472
473
476
477
480
482
483
484
485
487
488
489
490
491
492
493
495
496
498
499
500
501
502
503
504
505
506
507
508
509
510
511
512
513
514
515
516
517
518
519
520
522
523
526
527
528
530
532
534
538
539
540
541
543
545
546
547
548
549
552
554
556
557
559
561
563
566
567
568
569
570
574
575
577
579
580
582
583
584
585
586
587
588
589
590
594
595
596
597
599
600
601
602
603
604
605
606
607
608
610
611
612
613
614
615
616
618
621
622
623
626
628
629
630
631
634
637
638
639
640
641
643
644
645
648
649
650
651
653
654
655
657
658
659
660
661
663
664
665
666
667
668
670
671
673
674
675
676
677
678
679
680
682
683
686
687
688
689
691
692
693
695
697
699
700
701
702
703
704
706
707
708
709
710
713
714
715
716
718
719
720
721
722
723
724
726
727
728
730
732
733
734
735
736
738
739
741
742
743
744
746
747
748
749
750
751
753
754
755
756
757
758
760
761
762
764
766
767
768
770
771
772
774
775
776
777
778
779
783
784
785
786
787
788
789
790
791
792
793
794
797
798
799
801
802
803
805
806
807
808
811
812
814
815
816
817
818
819
820
821
822
823
824
825
826
827
829
831
832
833
834
835
837
838
839
840
841
842
843
846
847
850
851
852
853
854
855
856
857
858
859
860
861
863
864
865
866
869
870
871
872
873
874
875
876
877
878
879
880
881
882
883
884
885
886
888
889
890
891
892
893
894
895
897
898
899
900
902
903
904
905
906
907
908
909
910
911
912
914
915
916
917
918
920
922
924
925
926
927
928
929
930
931
933
934
935
936
937
938
939
940
941
942
944
945
946
948
949
950
951
952
953
955
956
957
958
959
960
963
965
967
968
969
970
971
972
974
975
977
978
979
980
981
982
983
984
985
987
988
989
992
994
995
996
998
999
1000
1002
1003
1005
1006
1007
1008
1009
1010
1011
1012
1013
1014
1015
1016
1018
1019
1023
1024
1025
1026
1027
1028
1029
1030
1031
1032
1034
1035
1037
1038
1039
1042
1044
1045
1047
1048
1049
1050
1051
1052
1053
1054
1057
1058
1059
1060
1061
1062
1063
1064
1066
1068
1069
1070
1071
1072
1073
1074
1075
1077
1078
1079
1080
1081
1082
1084
1086
1087
1088
1092
1093
1094
1095
1096
1097
1098
1099
1100
1102
1103
1104
1105
1106
1107
1108
1110
1111
1113
1114
1115
1118
1119
1121
1122
1123
1125
1126
1127
1128
1131
1132
1134
1135
1136
1137
1140
1141
1142
1143
1145
1146
1149
1151
1152
1153
1155
1156
1157
1160
1161
1162
1163
1164
1166
1168
1170
1171
1173
1174
1175
1176
1177
1178
1180
1183
1184
1185
1186
1187
1188
1189
1191
1192
1193
1195
1197
1200
1201
1202
1203
1204
1205
1207
1210
1211
1212
1213
1214
1216
1217
1218
1220
1221
1222
1223
1225
1227
1228
1229
1232
1233
1235
1236
1237
1238
1241
1242
1243
1244
1245
1248
1249
1251
1252
1256
1258
1259
1261
1262
1263
1264
1265
1267
1269
1270
1271
1272
1273
1274
1276
1277
1278
1280
1282
1283
1285
1286
1289
1290
1292
1293
1294
1297
1298
1299
1300
1302
1303
1304
1305
1308
1309
1310
1311
1313
1314
1315
1316
1317
1318
1319
1320
1322
1323
1324
1328
1330
1332
1333
1336
1337
1338
1339
1340
1346
1347
1348
1349
1350
1351
1353
1354
1357
1358
1360
1361
1362
1363
1364
1365
1366
1367
1368
1369
1370
1371
1373
1374
1375
1376
1377
1380
1381
1383
1384
1385
1387
1389
1391
1392
1393
1394
1395
1396
1397
1400
1401
1402
1403
1404
1405
1406
1409
1412
1413
1414
1415
1416
1419
1420
1423
1424
1425
1426
1427
1429
1430
1432
1433
1435
1436
1437
1439
1440
1441
1442
1443
1446
1448
1449
1450
1452
1453
1454
1455
1456
1458
1459
1462
1463
1464
1465
1466
1467
1468
1469
1470
1471
1472
1475
1476
1478
1479
1480
1483
1484
1485
1486
1487
1488
1489
1490
1491
1492
1493
1496
1497
1498
1499
1500
1503
1504
1505
1506
1507
1508
1509
1511
1512
1513
1514
1517
1519
1520
1523
1524
1525
1529
1530
1531
1534
1535
1536
1537
1540
1541
1543
1544
1545
1547
1548
1550
1551
1552
1553
1554
1555
1556
1558
1559
1560
1561
1562
1563
1564
1565
1566
1567
1568
1569
1570
1573
1574
1575
1576
1578
1580
1581
1584
1585
1586
1588
1589
1591
1593
1594
1595
1596
1597
1598
1599
1600
1602
1603
1604
1605
1606
1607
1612
1613
1615
1616
1617
1618
1619
1620
1621
1623
1625
1626
1627
1628
1629
1630
1632
1634
1635
1636
1637
1638
1639
1640
1642
1643
1644
1645
1646
1647
1648
1649
1650
1651
1652
1653
1656
1658
1660
1661
1662
1664
1665
1666
1668
1670
1671
1672
1673
1675
1677
1678
1680
1681
1682
1683
1685
1686
1687
1688
1689
1690
1691
1692
1693
1697
1700
1703
1704
1705
1706
1707
1708
1709
1710
1711
1712
1713
1716
1717
1718
1720
1721
1722
1723
1725
1726
1727
1729
1731
1732
1733
1735
1736
1737
1738
1740
1741
1743
1744
1745
1746
1747
1749
1750
1751
1752
1753
1754
1755
1756
1757
1758
1759
1760
1761
1762
1764
1766
1767
1768
1770
1771
1775
1776
1778
1779
1781
1782
1783
1785
1786
1788
1791
1792
1793
1794
1796
1797
1800
1801
1803
1805
1806
1808
1809
1810
1811
1812
1813
1815
1816
1818
1820
1822
1825
1826
1827
1828
1829
1830
1831
1833
1835
1836
1841
1842
1844
1845
1846
1848
1849
1850
1851
1852
1853
1854
1855
1856
1857
1858
1860
1861
1864
1866
1868
1869
1870
1872
1873
1874
1875
1876
1877
1878
1879
1880
1881
1882
1885
1886
1887
1888
1889
1890
1891
1892
1893
1894
1895
1897
1898
1899
1900
1901
1902
1903
1904
1905
1906
1907
1908
1911
1912
1913
1914
1916
1918
1922
1923
1924
1925
1927
1928
1932
1933
1934
1935
1936
1937
1938
1939
1940
1941
1942
1944
1945
1946
1948
1949
1950
1951
1952
1954
1955
1956
1957
1958
1959
1960
1962
1964
1965
1966
1969
1970
1971
1973
1974
1976
1979
1981
1982
1983
1984
1986
1988
1989
1990
1991
1994
1995
1996
1997
1998
2000
2001
2002
2004
2005
2006
2007
2008
2010
2012
2013
2016
2017
2019
2022
2023
2025
2026
2027
2028
2029
2030
2031
2032
2033
2034
2035
2036
2037
2039
2040
2041
2042
2044
2045
2046
2047
2048
2049
2051
2054
2055
2056
2057
2059
2061
2062
2064
2065
2066
2067
2069
2070
2071
2072
2073
2074
2075
2076
2077
2078
2079
2080
2081
2082
2083
2085
2086
2087
2089
2090
2093
2094
2095
2096
2097
2098
2099
2100
2101
2102
2103
2105
2106
2107
2108
2110
2111
2113
2114
2115
2116
2117
2119
2120
2121
2123
2124
2125
2128
2130
2131
2132
2133
2134
2136
2137
2138
2139
2141
2142
2143
2144
2145
2146
2147
2149
2151
2152
2153
2155
2156
2157
2158
2159
2160
2161
2162
2163
2164
2165
2166
2167
2168
2169
2170
2171
2175
2176
2177
2180
2181
2183
2185
2186
2187
2190
2191
2192
2193
2194
2195
2196
2197
2198
2199
2200
2201
2202
2204
2205
2207
2208
2209
2211
2214
2215
2216
2217
2218
2219
2220
2221
2222
2225
2226
2227
2228
2229
2230
2231
2232
2233
2234
2235
2236
2237
2238
2239
2240
2241
2245
2246
2247
2251
2252
2253
2255
2256
2257
2258
2260
2262
2263
2264
2265
2266
2267
2269
2270
2272
2273
2274
2275
2277
2278
2281
2282
2283
2284
2285
2286
2287
2288
2289
2290
2291
2292
2293
2296
2297
2298
2299
2300
2301
2302
2304
2305
2307
2308
2310
2311
2312
2313
2314
2316
2317
2318
2320
2321
2322
2323
2325
2326
2327
2328
2329
2330
2332
2334
2335
2336
2337
2339
2340
2341
2342
2343
2344
2345
2346
2347
2348
2349
2350
2354
2355
2356
2357
2358
2359
2360
2361
2362
2365
2366
2367
2368
2369
2370
2371
2372
2373
2374
2375
2376
2379
2380
2381
2383
2384
2385
2387
2388
2389
2390
2391
2392
2393
2394
2395
2396
2397
2398
2399
2400
2402
2404
2406
2407
2408
2409
2411
2412
2413
2414
2415
2418
2419
2422
2423
2424
2426
2428
2429
2430
2431
2434
2435
2436
2437
2440
2441
2442
2443
2444
2448
2449
2450
2451
2453
2454
2455
2456
2457
2459
2460
2461
2466
2467
2468
2470
2472
2473
2474
2475
2477
2478
2479
2480
2481
2482
2483
2485
2486
2488
2489
2490
2492
2493
2494
2495
2496
2497
2498
2499
2500
2501
2502
2503
2505
2506
2508
2509
2510
2511
2512
2514
2515
2517
2518
2519
2520
2521
2522
2523
2524
2526
2527
2528
2529
2530
2532
2533
2534
2535
2536
2537
2538
2539
2540
2541
2542
2543
2544
2545
2546
2549
2550
2552
2553
2557
2560
2561
2562
2563
2564
2565
2567
2568
2569
2571
2573
2574
2575
2577
2578
2579
2580
2581
2582
2584
2585
2586
2587
2588
2591
2593
2594
2596
2597
2598
2599
2600
2601
2602
2603
2604
2605
2606
2607
2608
2609
2611
2612
2613
2614
2615
2616
2617
2618
2619
2620
2621
2623
2624
2625
2626
2627
2628
2629
2630
2631
2632
2633
2634
2638
2639
2640
2641
2642
2644
2645
2646
2647
2650
2651
2652
2655
2657
2658
2659
