1
2
6
11
12
14
15
16
17
24
29
32
33
34
37
38
49
43
44
45
46
48
50
51
56
59
60
62
63
65
67
85
69
183
74
75
76
79
80
81
82
89
93
94
95
96
100
101
102
103
104
107
110
112
113
116
117
119
122
123
125
128
129
130
132
134
135
138
141
142
145
146
147
148
149
150
152
153
157
159
160
161
166
167
170
172
173
177
179
181
184
185
186
188
190
191
193
198
201
203
206
207
208
210
212
215
218
219
220
221
222
223
224
228
229
230
231
233
234
235
237
239
240
241
242
244
246
248
250
253
257
258
260
261
263
264
265
267
269
270
277
281
282
286
288
289
290
291
294
295
280
306
307
308
310
311
312
314
315
317
318
320
321
322
324
331
335
336
337
338
339
340
344
345
346
347
348
349
350
352
353
355
357
358
359
363
368
369
372
377
378
379
380
384
386
387
388
389
390
398
399
400
401
402
403
404
405
407
410
411
414
413
416
419
420
422
425
429
433
436
437
438
441
443
444
445
446
447
450
451
452
453
454
455
459
483
465
466
543
472
473
476
477
480
485
488
490
491
495
496
498
499
500
501
502
503
504
505
506
508
511
522
513
514
518
519
520
523
526
530
534
539
541
546
547
548
554
557
563
566
567
569
570
574
575
579
580
583
585
586
588
589
590
595
596
599
600
601
603
605
608
610
611
602
613
614
615
616
623
628
630
631
634
639
640
641
643
644
645
648
650
651
653
654
655
657
658
659
661
665
666
668
670
671
673
675
676
677
678
680
682
683
686
688
689
691
692
695
697
700
702
776
706
707
708
709
713
714
715
716
719
720
722
723
724
726
730
733
718
738
747
748
751
783
754
755
756
757
758
760
762
764
766
770
771
772
774
777
778
779
786
787
788
789
790
791
792
794
798
799
801
803
805
807
811
812
815
816
818
820
821
825
826
827
829
831
832
834
837
839
840
841
842
846
847
855
857
859
860
864
865
866
869
870
872
873
874
875
876
877
878
879
880
881
882
883
885
886
889
890
893
894
895
897
898
899
900
903
904
905
906
907
908
909
912
914
915
916
917
918
920
922
926
927
928
929
930
933
934
936
938
939
940
941
942
945
946
948
949
951
953
955
956
958
959
960
965
967
968
969
970
972
974
975
979
981
982
984
988
989
994
995
998
999
1006
1007
1010
1011
1013
1015
1016
1019
1023
1024
1027
1030
1031
1032
1034
1035
1037
1038
1039
1044
1045
1047
1049
1051
1052
1053
1054
1057
1061
1062
1068
1070
1073
1074
1077
1079
1080
1081
1082
1084
1086
1087
1088
1092
1093
1094
1096
1097
1098
1100
1102
1103
1106
1107
1108
957
1111
1113
1115
1118
1119
1121
1125
1126
1127
1128
1131
1134
1135
1136
1141
1143
1145
1149
1151
1152
1153
1155
1157
1162
1163
1164
1166
1168
1170
1174
1175
1177
1180
1183
1184
1186
1188
1195
1197
1201
1202
1203
1204
1207
1212
1213
1214
1218
1220
1221
1223
1225
1229
1232
1233
1235
1236
1238
1241
1243
1244
1248
1251
1252
1256
1258
1259
1267
1269
1270
1273
1274
1276
1277
1280
1282
1283
1285
1289
1290
1292
1293
1294
1297
1298
1299
1300
1302
1305
1308
1309
1310
1313
1317
1319
1320
1322
1328
1330
1332
1333
1337
1338
1339
1346
1347
1348
1349
1350
1351
1353
1358
1362
1364
1368
1369
1370
1371
1373
1374
1375
1377
1380
1381
1383
1389
1391
1392
1393
1395
1396
1397
1402
1404
1412
1414
1415
1416
1419
1423
1424
1425
1426
1427
1429
1430
1432
1433
1436
1437
1439
1440
1441
1443
1446
1448
1449
1452
1453
1454
1455
1459
1462
1463
1464
1465
1466
1468
1470
1475
1476
1478
1483
1484
1485
1487
1488
1489
1490
1492
1493
1499
1503
1504
1505
1507
1509
1511
1512
1513
1514
1517
1519
1520
1523
1524
1529
1530
1531
1534
1535
1536
1537
1540
1543
1544
1545
1547
1548
1550
1551
1552
1553
1554
1555
1558
1560
1561
1562
1563
1565
1566
1567
1573
1574
1575
1576
1578
1580
1581
1584
1585
1586
1591
1593
1595
1596
1597
1598
1599
1602
1603
1605
1606
1607
1612
1615
1616
1618
1619
1620
1621
1625
1628
1629
1632
1635
1638
1639
1642
1643
1645
1646
1647
1648
1649
1650
1651
1653
1656
1658
1664
1665
1666
1668
1672
1673
1675
1677
1678
1681
1683
1685
1686
1687
1691
1692
1700
1704
1705
1706
1710
1713
1716
1717
1718
1721
1723
1726
1729
1731
1732
1735
1738
1740
1741
1743
1744
1745
1747
1749
1750
1753
1754
1757
1758
1759
1761
1762
1767
1770
1771
1775
1776
1778
1781
1782
1783
1791
1793
1796
1797
1801
1805
1806
1808
1809
1810
1811
1813
1815
1818
1820
1822
1825
1826
1828
1829
1830
1831
1835
1841
1842
1844
1845
1846
1849
1852
1853
1857
1858
1861
1864
1868
1872
1873
1874
1875
1876
1878
1879
1880
1885
1886
1887
1888
1892
1893
1894
1895
1897
1898
1899
1901
1905
1907
1913
1914
1916
1918
1922
1924
1925
1928
1932
1934
1935
1936
1938
1939
1941
1942
1946
1952
1955
1958
1959
1960
1964
1965
1966
1969
1971
1973
1974
1976
1979
1981
1982
1986
1988
1989
1990
1991
1994
1995
1996
1997
1998
2000
2002
2004
2005
2006
2007
2008
2012
2013
2019
2022
2023
2027
2028
2029
2032
2033
2034
2036
2040
2041
2042
2044
2045
2048
2049
2055
2056
2059
2065
2066
2069
2070
2071
2072
2073
2074
2075
2076
2077
2079
2080
2081
2083
2089
2090
2093
2094
2095
2097
2098
2101
2102
2105
2108
2114
2117
2119
2121
2123
2124
2125
2128
2131
2132
2133
2134
2136
2137
2138
2143
2144
2146
2147
2151
2153
2155
2156
2157
2159
2160
2161
2162
2165
2166
2170
2171
2175
2176
2177
2183
2186
2187
2190
2193
2194
2196
2199
2200
2202
2204
2205
2207
2208
2211
2214
2215
2217
2218
2219
2220
2221
2222
2228
2229
2230
1725
2234
2235
2236
2237
2240
2246
2247
2251
2255
2256
2257
2258
2260
2262
2263
2264
2265
1970
2267
2273
2274
2282
2283
2284
2286
2287
2289
2292
2296
2297
2298
2299
2307
2308
2311
2312
2314
2316
2317
2318
2320
2322
2326
2327
2332
2334
2337
2341
2342
2343
2345
2347
2348
2354
2355
2356
2357
2358
2359
2360
2361
2362
2366
2367
2369
2370
2372
2373
2374
2375
2383
2384
2385
2387
2389
2391
2392
2394
2395
2397
2399
2400
2402
2404
2406
2408
2409
2412
2413
2414
2418
2419
2422
2423
2426
2428
2429
2430
2431
2435
2436
2437
2441
2442
2444
2448
2449
2450
2453
2454
2455
2456
2457
2460
2461
2467
2470
2472
2473
2475
2310
2478
2477
2480
2481
2482
2483
2486
2488
2490
2492
2495
2497
2498
2499
2501
2502
2503
2505
2506
2509
2512
2514
2515
2517
2518
2520
2521
2522
2524
2526
2527
2528
2529
2530
2532
2533
2534
2535
2539
2540
2541
2543
2544
2561
2564
2567
2568
2569
2571
2574
2575
2577
2580
2581
2582
2585
2586
2591
2593
2594
2596
2597
2598
2599
2600
2601
2604
2605
2607
2608
2611
2613
2615
2617
2619
2621
2624
2627
2628
2629
2630
2631
2632
2633
2634
2638
2639
2642
2644
2645
2646
2647
2651
2655
2657
2658
2659
19
26
36
39
54
66
83
84
88
90
92
126
127
133
137
162
175
214
217
226
247
255
262
252
259
276
287
292
298
309
332
333
341
360
375
382
385
424
461
467
471
497
525
535
536
550
553
560
565
572
581
592
593
598
627
635
636
652
656
672
685
690
696
729
731
745
759
765
773
782
800
828
848
862
868
919
921
923
961
964
976
1020
1040
1043
1055
1056
1165
1167
1169
1172
1150
1159
1190
1196
1198
1199
1206
1219
1224
1246
1247
1254
1255
1266
1275
1279
1288
1306
1327
1329
1334
1335
1345
1352
1372
1379
1382
1386
1421
1428
1451
1457
1460
1461
1482
1494
1516
1518
1557
1579
1583
1601
1608
1609
1610
1641
1655
1674
1695
1698
1724
1730
1734
1742
1789
1804
1817
1819
1838
1859
1865
1871
1884
1909
1915
1919
1929
1947
1961
1967
1968
1977
1993
2003
2014
2021
2043
2050
2063
2092
2118
2122
2127
2129
2135
2154
2243
2276
2280
2306
2309
2315
2324
2333
2363
2382
2386
2410
2416
2421
2427
2433
2438
2458
2463
2487
2491
2516
2525
2531
2566
2570
2576
2583
2595
2643
2649
2654
2663
1832
1834
1837
1839
1840
1843
1847
1862
1863
1867
1883
1896
2663
10
30
61
91
98
136
156
164
168
176
178
187
194
196
197
199
200
205
209
238
274
283
284
285
305
313
330
334
342
343
367
370
383
393
426
428
434
439
482
489
507
509
528
552
561
582
604
621
622
626
629
663
674
679
693
704
741
742
744
746
761
767
768
775
784
793
802
833
843
853
863
871
910
924
925
931
952
980
985
987
992
996
1009
1025
1026
1029
1059
1063
1069
1071
1072
1099
1105
1137
1156
1173
1176
1178
1185
1193
1205
1222
1245
1249
1263
1264
1265
1303
1314
1323
1324
1354
1357
1363
1376
1384
1385
1403
1405
1409
1442
1450
1458
1469
1471
1472
1479
1480
1589
1604
1613
1623
1634
1660
1661
1670
1682
1688
1707
1709
1733
1751
1760
1764
1766
1768
1779
1785
1786
1812
1850
1851
1860
1882
1890
1891
1903
1904
1908
1933
1944
1945
1948
1949
1951
1954
1956
1957
2001
2030
2037
2046
2047
2061
2064
2078
2087
2103
2110
2115
2116
2141
2169
2181
2185
2191
2195
2201
2226
2233
2239
2245
2252
2269
2275
2285
2288
2313
2323
2329
2330
2344
2368
2380
2381
2407
2411
2424
2451
2459
2489
2508
2510
2546
2549
2550
2552
2560
2587
2603
2614
2652
5
9
13
18
20
21
28
40
58
70
78
97
105
121
124
165
171
204
213
216
243
249
251
256
266
279
301
326
356
366
374
376
391
397
415
417
431
432
448
456
463
469
492
493
515
516
517
532
540
545
584
587
597
649
667
699
701
710
721
728
734
735
743
749
797
806
808
814
817
819
822
824
835
838
851
852
854
856
884
891
935
937
944
950
963
971
978
983
1008
1014
1042
1048
1058
1064
1066
1078
1104
1123
1132
1161
1171
1189
1191
1217
1228
1237
1242
1261
1304
1311
1318
1340
1366
1387
1394
1400
1401
1406
1413
1435
1456
1467
1486
1491
1496
1497
1500
1506
1525
1559
1564
1569
1570
1626
1630
1662
1671
1690
1697
1727
1736
1737
1746
1755
1788
1792
1794
1803
1816
1827
1833
1856
1866
1869
1870
1877
1900
1912
1927
1940
1950
1962
1983
1984
2016
2017
2026
2031
2051
2054
2057
2062
2085
2099
2100
2106
2111
2113
2139
2145
2152
2158
2167
2168
2180
2209
2216
2231
2272
2293
2305
2325
2328
2336
2349
2350
2365
2371
2379
2388
2396
2398
2440
2443
2466
2468
2485
2500
2542
2557
2562
2573
2578
2579
2606
2612
2618
2620
2623
2625
2641
2650
